93.8040859288
93.8040859288
93.8040859288
93.8040859288
93.8040859288
93.8040859288
93.8040859288
93.8040859288
93.8040859288
93.8040859288
94.0886207189
94.0886207189
94.0886207189
94.0886207189
94.0886207189
94.0886207189
108.94482955
108.94482955
108.94482955
108.94482955
108.94482955
108.94482955
108.94482955
108.94482955
107.105159209
107.107493215
107.102825212
109.304660267
107.426304862
110.417915515
111.470039687
112.103664862
112.420763863
112.418350598
113.043788152
113.354422238
113.51215461
113.552835901
113.552835901
113.552835901
113.552835901
113.552835901
113.552835901
109.472937631
109.994629381
108.260163761
110.10789991
108.533519898
110.01815654
108.050483781
100.606116224
101.854803116
100.652271519
100.353773713
104.979938525
104.994011738
108.367728611
101.38753607
101.559460126
106.410627471
106.410627471
106.410627471
106.410627471
106.410627471
106.410627471
106.410627471
106.410627471
106.410627471
106.410627471
106.410627471
106.410627471
106.410627471
106.410627471
106.410627471
106.410627471
106.410627471
106.410627471
106.410627471
106.410627471
106.410627471
106.410627471
106.410627471
106.410627471
106.410627471
106.410627471
106.410627471
106.410627471
106.410627471
106.410627471
106.410627471
106.410627471
106.410627471
106.410627471
106.410627471
106.410627471
106.410627471
106.410627471
106.410627471
106.410627471
106.410627471
106.410627471
106.410627471
106.410627471
106.410627471
106.410627471
106.410627471
106.410627471
106.410627471
106.410627471
106.410627471
106.410627471
106.410627471
106.410627471
106.410627471
106.410627471
106.410627471
106.410627471
106.410627471
106.410627471
106.410627471
106.410627471
106.410627471
106.410627471
106.410627471
106.410627471
106.410627471
106.410627471
106.410627471
106.410627471
106.410627471
106.410627471
106.410627471
106.410627471
106.410627471
106.410627471
106.410627471
106.410627471
106.410627471
106.410627471
106.410627471
106.410627471
106.410627471
106.410627471
106.410627471
106.410627471
106.410627471
106.410627471
106.410627471
106.410627471
106.410627471
106.410627471
106.410627471
106.410627471
106.410627471
106.410627471
106.410627471
106.410627471
106.410627471
106.410627471
106.410627471
106.410627471
106.410627471
106.410627471
106.410627471
106.410627471
106.410627471
106.410627471
106.410627471
106.410627471
106.410627471
106.410627471
106.410627471
106.410627471
106.410627471
106.410627471
106.410627471
106.410627471
106.410627471
106.410627471
106.410627471
106.410627471
106.410627471
106.410627471
106.410627471
106.410627471
106.410627471
106.410627471
106.410627471
106.410627471
106.410627471
106.410627471
106.410627471
106.410627471
106.410627471
10.7280656876
88.8846087393
86.9890924771
33.8083234503
68.8829167257
68.8829167257
85.5028843394
65.7004689882
65.7004689882
65.7004689882
65.7004689882
65.7004689882
65.7004689882
65.7004689882
60.35904895569786
60.35904895569786
60.35904895569786
60.35904895569786
60.35904895569786
60.35904895569786
60.35904895569786
60.35904895569786
60.35904895569786
60.35904895569786
60.35904895569786
60.35904895569786
60.35904895569786
60.35904895569786
60.35904895569786
60.35904895569786
60.35904895569786
60.35904895569786
60.35904895569786
60.35904895569786
60.35904895569786
60.35904895569786
60.35904895569786
60.35904895569786
60.35904895569786
60.35904895569786
60.35904895569786
60.35904895569786
60.35904895569786
60.35904895569786
60.35904895569786
60.35904895569786
60.35904895569786
60.35904895569786
60.35904895569786
60.35904895569786
60.35904895569786
60.35904895569786
60.35904895569786
60.35904895569786
60.35904895569786
60.35904895569786
60.35904895569786
60.35904895569786
60.35904895569786
60.35904895569786
60.35904895569786
60.35904895569786
60.35904895569786
60.35904895569786
60.35904895569786
60.35904895569786
60.35904895569786
60.35904895569786
60.35904895569786
60.35904895569786
60.35904895569786
60.35904895569786
60.35904895569786
60.35904895569786
60.35904895569786
94.0886207189
94.0886207189
94.0886207189
94.0886207189
117.34112830138227
117.34112830138227
117.34112830138227
117.34112830138227
117.34112830138227
117.34112830138227
117.34112830138227
117.34112830138227
117.34112830138227
117.34112830138227
117.34112830138227
