2.999989047
2.999989047
2.999989047
2.999989047
2.999989047
2.999989047
2.999989047
2.999989047
2.999989047
2.999989047
2.99999758315
2.99999758315
2.99999758315
2.99999758315
2.99999758315
2.99999758315
2.99999837061
2.99999837061
2.99999837061
2.99999837061
2.99999837061
2.99999837061
2.99999837061
2.99999837061
2.99999834956
2.99999834966
2.99999834945
2.99999831353
2.9999983717
2.99999810526
2.99999794932
2.99999787143
2.99999783605
2.99999783635
2.99999777279
2.99999774429
2.99999773057
2.9999977271
2.9999977271
2.9999977271
2.9999977271
2.9999977271
2.9999977271
2.99999829145
2.99999818032
2.99999839389
2.99999816004
2.99999839002
2.99999817625
2.9999983973
2.99999742765
2.99999742038
2.99999742722
2.99999743025
2.99999751491
2.99999751735
2.99999839215
2.99999742194
2.99999742115
2.99999785318
2.99999785318
2.99999785318
2.99999785318
2.99999785318
2.99999785318
2.99999785318
2.99999785318
2.99999785318
2.99999785318
2.99999785318
2.99999785318
2.99999785318
2.99999785318
2.99999785318
2.99999785318
2.99999785318
2.99999785318
2.99999785318
2.99999785318
2.99999785318
2.99999785318
2.99999785318
2.99999785318
2.99999785318
2.99999785318
2.99999785318
2.99999785318
2.99999785318
2.99999785318
2.99999785318
2.99999785318
2.99999785318
2.99999785318
2.99999785318
2.99999785318
2.99999785318
2.99999785318
2.99999785318
2.99999785318
2.99999785318
2.99999785318
2.99999785318
2.99999785318
2.99999785318
2.99999785318
2.99999785318
2.99999785318
2.99999785318
2.99999785318
2.99999785318
2.99999785318
2.99999785318
2.99999785318
2.99999785318
2.99999785318
2.99999785318
2.99999785318
2.99999785318
2.99999785318
2.99999785318
2.99999785318
2.99999785318
2.99999785318
2.99999785318
2.99999785318
2.99999785318
2.99999785318
2.99999785318
2.99999785318
2.99999785318
2.99999785318
2.99999785318
2.99999785318
2.99999785318
2.99999785318
2.99999785318
2.99999785318
2.99999785318
2.99999785318
2.99999785318
2.99999785318
2.99999785318
2.99999785318
2.99999785318
2.99999785318
2.99999785318
2.99999785318
2.99999785318
2.99999785318
2.99999785318
2.99999785318
2.99999785318
2.99999785318
2.99999785318
2.99999785318
2.99999785318
2.99999785318
2.99999785318
2.99999785318
2.99999785318
2.99999785318
2.99999785318
2.99999785318
2.99999785318
2.99999785318
2.99999785318
2.99999785318
2.99999785318
2.99999785318
2.99999785318
2.99999785318
2.99999785318
2.99999785318
2.99999785318
2.99999785318
2.99999785318
2.99999785318
2.99999785318
2.99999785318
2.99999785318
2.99999785318
2.99999785318
2.99999785318
2.99999785318
2.99999785318
2.99999785318
2.99999785318
2.99999785318
2.99999785318
2.99999785318
2.99999785318
2.99999785318
2.99999785318
2.99999785318
2.99999907352
2.99998609221
2.99998635673
2.99998625593
2.99998876036
2.99998876036
2.99998658819
2.99999863269
2.99999863269
2.99999863269
2.99999863269
2.99999863269
2.99999863269
2.99999863269
2.999989373872961
2.999989373872961
2.999989373872961
2.999989373872961
2.999989373872961
2.999989373872961
2.999989373872961
2.999989373872961
2.999989373872961
2.999989373872961
2.999989373872961
2.999989373872961
2.999989373872961
2.999989373872961
2.999989373872961
2.999989373872961
2.999989373872961
2.999989373872961
2.999989373872961
2.999989373872961
2.999989373872961
2.999989373872961
2.999989373872961
2.999989373872961
2.999989373872961
2.999989373872961
2.999989373872961
2.999989373872961
2.999989373872961
2.999989373872961
2.999989373872961
2.999989373872961
2.999989373872961
2.999989373872961
2.999989373872961
2.999989373872961
2.999989373872961
2.999989373872961
2.999989373872961
2.999989373872961
2.999989373872961
2.999989373872961
2.999989373872961
2.999989373872961
2.999989373872961
2.999989373872961
2.999989373872961
2.999989373872961
2.999989373872961
2.999989373872961
2.999989373872961
2.999989373872961
2.999989373872961
2.999989373872961
2.999989373872961
2.999989373872961
2.999989373872961
2.999989373872961
2.999989373872961
2.999989373872961
2.999989373872961
2.99999758315
2.99999758315
2.99999758315
2.99999758315
2.99999539844
2.99999539844
2.99999539844
2.99999539844
2.99999539844
2.99999539844
2.99999539844
2.99999539844
2.99999539844
2.99999539844
2.99999539844
