0.904120081118
0.904120081118
0.904120081118
0.904120081118
0.904120081118
0.904120081118
0.904120081118
0.904120081118
0.904120081118
0.904120081118
1.39902005225
1.39902005225
1.39902005225
1.39902005225
1.39902005225
1.39902005225
1.4944280359
1.4944280359
1.4944280359
1.4944280359
1.4944280359
1.4944280359
1.4944280359
1.4944280359
1.49138091794
1.49138202507
1.49137981253
1.49474004008
1.49200722473
1.49553293749
1.4962312944
1.49659788566
1.49676571063
1.49676328072
1.4970749633
1.49721737685
1.49728506861
1.49730371029
1.49730371029
1.49730371029
1.49730371029
1.49730371029
1.49730371029
1.49485333195
1.49522397021
1.49357452633
1.49530120193
1.49394336069
1.49523732055
1.49327266271
1.45584282546
1.46622717104
1.45630324576
1.45352628187
1.48380037551
1.48386160733
1.49368185766
1.46257452398
1.46394552182
1.48847567847
1.48847567847
1.48847567847
1.48847567847
1.48847567847
1.48847567847
1.48847567847
1.48847567847
1.48847567847
1.48847567847
1.48847567847
1.48847567847
1.48847567847
1.48847567847
1.48847567847
1.48847567847
1.48847567847
1.48847567847
1.48847567847
1.48847567847
1.48847567847
1.48847567847
1.48847567847
1.48847567847
1.48847567847
1.48847567847
1.48847567847
1.48847567847
1.48847567847
1.48847567847
1.48847567847
1.48847567847
1.48847567847
1.48847567847
1.48847567847
1.48847567847
1.48847567847
1.48847567847
1.48847567847
1.48847567847
1.48847567847
1.48847567847
1.48847567847
1.48847567847
1.48847567847
1.48847567847
1.48847567847
1.48847567847
1.48847567847
1.48847567847
1.48847567847
1.48847567847
1.48847567847
1.48847567847
1.48847567847
1.48847567847
1.48847567847
1.48847567847
1.48847567847
1.48847567847
1.48847567847
1.48847567847
1.48847567847
1.48847567847
1.48847567847
1.48847567847
1.48847567847
1.48847567847
1.48847567847
1.48847567847
1.48847567847
1.48847567847
1.48847567847
1.48847567847
1.48847567847
1.48847567847
1.48847567847
1.48847567847
1.48847567847
1.48847567847
1.48847567847
1.48847567847
1.48847567847
1.48847567847
1.48847567847
1.48847567847
1.48847567847
1.48847567847
1.48847567847
1.48847567847
1.48847567847
1.48847567847
1.48847567847
1.48847567847
1.48847567847
1.48847567847
1.48847567847
1.48847567847
1.48847567847
1.48847567847
1.48847567847
1.48847567847
1.48847567847
1.48847567847
1.48847567847
1.48847567847
1.48847567847
1.48847567847
1.48847567847
1.48847567847
1.48847567847
1.48847567847
1.48847567847
1.48847567847
1.48847567847
1.48847567847
1.48847567847
1.48847567847
1.48847567847
1.48847567847
1.48847567847
1.48847567847
1.48847567847
1.48847567847
1.48847567847
1.48847567847
1.48847567847
1.48847567847
1.48847567847
1.48847567847
1.48847567847
1.48847567847
1.48847567847
1.48847567847
1.48847567847
1.4679107063
0.961320491623
0.956402079069
0.860923003069
0.910486279301
0.910486279301
0.951730527098
1.05883441697
1.05883441697
1.05883441697
1.05883441697
1.05883441697
1.05883441697
1.05883441697
1.142565759532725
1.142565759532725
1.142565759532725
1.142565759532725
1.142565759532725
1.142565759532725
1.142565759532725
1.142565759532725
1.142565759532725
1.142565759532725
1.142565759532725
1.142565759532725
1.142565759532725
1.142565759532725
1.142565759532725
1.142565759532725
1.142565759532725
1.142565759532725
1.142565759532725
1.142565759532725
1.142565759532725
1.142565759532725
1.142565759532725
1.142565759532725
1.142565759532725
1.142565759532725
1.142565759532725
1.142565759532725
1.142565759532725
1.142565759532725
1.142565759532725
1.142565759532725
1.142565759532725
1.142565759532725
1.142565759532725
1.142565759532725
1.142565759532725
1.142565759532725
1.142565759532725
1.142565759532725
1.142565759532725
1.142565759532725
1.142565759532725
1.142565759532725
1.142565759532725
1.142565759532725
1.142565759532725
1.142565759532725
1.142565759532725
1.142565759532725
1.142565759532725
1.142565759532725
1.142565759532725
1.142565759532725
1.142565759532725
1.142565759532725
1.142565759532725
1.142565759532725
1.142565759532725
1.142565759532725
1.142565759532725
